10700.000000 -57329
10700.100000 -56861
10700.200000 -56861
10700.300000 -56861
10700.400000 -56533
10700.500000 -56954
10700.600000 -56767
10700.700000 -57329
10700.800000 -56954
10700.900000 -56954
10701.000000 -57615
10701.100000 -57708
10701.200000 -56677
10701.300000 -57193
10701.400000 -57146
10701.500000 -57427
10701.600000 -56958
10701.700000 -56958
10701.800000 -56865
10701.900000 -57240
10702.000000 -57572
10702.100000 -57244
10702.200000 -57525
10702.300000 -57244
10702.400000 -57431
10702.500000 -57197
10702.600000 -57291
10702.700000 -57009
10702.800000 -57056
10702.900000 -57431
10703.000000 -57105
10703.100000 -56964
10703.200000 -57058
10703.300000 -57574
10703.400000 -56589
10703.500000 -57433
10703.600000 -56964
10703.700000 -57105
10703.800000 -57246
10703.900000 -57152
10704.000000 -56968
10704.100000 -56828
10704.200000 -56968
10704.300000 -57156
10704.400000 -57062
10704.500000 -56875
10704.600000 -56922
10704.700000 -57015
10704.800000 -56734
10704.900000 -56968
10705.000000 -56972
10705.100000 -57019
10705.200000 -56738
10705.300000 -57066
10705.400000 -56551
10705.500000 -56785
10705.600000 -56926
10705.700000 -57113
10705.800000 -56879
10705.900000 -57019
10706.000000 -56928
10706.100000 -57162
10706.200000 -56928
10706.300000 -57209
10706.400000 -56974
10706.500000 -56740
10706.600000 -56834
10706.700000 -57021
10706.800000 -56974
10706.900000 -56740
10707.000000 -56603
10707.100000 -56791
10707.200000 -56697
10707.300000 -56838
10707.400000 -56838
10707.500000 -56791
10707.600000 -56791
10707.700000 -56791
10707.800000 -56791
10707.900000 -56557
10708.000000 -56936
10708.100000 -56889
10708.200000 -57264
10708.300000 -57170
10708.400000 -56467
10708.500000 -56842
10708.600000 -56795
10708.700000 -56701
10708.800000 -56982
10708.900000 -56748
10709.000000 -56750
10709.100000 -57078
10709.200000 -56375
10709.300000 -56844
10709.400000 -57219
10709.500000 -56609
10709.600000 -56984
10709.700000 -56656
10709.800000 -57547
10709.900000 -56516
10710.000000 -56613
10710.100000 -56801
10710.200000 -56426
10710.300000 -56707
10710.400000 -56613
10710.500000 -56332
10710.600000 -56942
10710.700000 -56942
10710.800000 -56801
10710.900000 -56707
10711.000000 -56899
10711.100000 -56805
10711.200000 -56617
10711.300000 -57039
10711.400000 -56711
10711.500000 -56664
10711.600000 -56383
10711.700000 -56852
10711.800000 -57133
10711.900000 -57039
10712.000000 -56713
10712.100000 -57182
10712.200000 -56901
10712.300000 -56807
10712.400000 -56760
10712.500000 -56854
10712.600000 -56526
10712.700000 -56994
10712.800000 -56901
10712.900000 -56573
10713.000000 -56998
10713.100000 -56858
10713.200000 -56858
10713.300000 -56436
10713.400000 -56998
10713.500000 -56998
10713.600000 -56577
10713.700000 -56858
10713.800000 -56717
10713.900000 -56389
10714.000000 -56627
10714.100000 -56721
10714.200000 -56768
10714.300000 -56862
10714.400000 -56909
10714.500000 -56815
10714.600000 -56487
10714.700000 -56299
10714.800000 -56534
10714.900000 -56440
10715.000000 -56676
10715.100000 -56770
10715.200000 -56746
10715.300000 -56746
10715.400000 -56746
10715.500000 -56746
10715.600000 -56746
10715.700000 -56723
10715.800000 -56395
10715.900000 -56629
10716.000000 -57008
10716.100000 -56821
10716.200000 -56821
10716.300000 -56774
10716.400000 -56868
10716.500000 -56915
10716.600000 -56821
10716.700000 -56587
10716.800000 -56868
10716.900000 -56633
10717.000000 -56591
10717.100000 -56731
10717.200000 -57012
10717.300000 -56778
10717.400000 -56637
10717.500000 -56544
10717.600000 -56637
10717.700000 -56637
10717.800000 -56403
10717.900000 -56356
10718.000000 -56405
10718.100000 -57108
10718.200000 -56452
10718.300000 -56686
10718.400000 -56968
10718.500000 -57061
10718.600000 -56499
10718.700000 -57061
10718.800000 -56827
10718.900000 -56780
10719.000000 -56971
10719.100000 -56830
10719.200000 -56361
10719.300000 -57017
10719.400000 -56642
10719.500000 -56549
10719.600000 -56502
10719.700000 -56689
10719.800000 -56408
10719.900000 -56502
10720.000000 -56881
10720.100000 -56412
10720.200000 -55896
10720.300000 -56600
10720.400000 -56740
10720.500000 -56365
10720.600000 -56365
10720.700000 -56881
10720.800000 -56787
10720.900000 -56506
10721.000000 -56414
10721.100000 -56508
10721.200000 -56273
10721.300000 -56320
10721.400000 -56977
10721.500000 -56742
10721.600000 -56742
10721.700000 -56555
10721.800000 -56414
10721.900000 -56836
10722.000000 -56746
10722.100000 -56465
10722.200000 -56559
10722.300000 -56606
10722.400000 -56090
10722.500000 -56746
10722.600000 -56746
10722.700000 -57262
10722.800000 -56465
10722.900000 -56277
10723.000000 -56656
10723.100000 -56891
10723.200000 -56375
10723.300000 -56750
10723.400000 -56469
10723.500000 -56563
10723.600000 -56469
10723.700000 -56328
10723.800000 -56328
10723.900000 -56281
10724.000000 -56705
10724.100000 -56846
10724.200000 -56377
10724.300000 -56330
10724.400000 -56565
10724.500000 -56471
10724.600000 -56283
10724.700000 -56565
10724.800000 -56377
10724.900000 -56002
10725.000000 -56428
10725.100000 -56100
10725.200000 -56006
10725.300000 -56147
10725.400000 -56287
10725.500000 -56381
10725.600000 -56428
10725.700000 -56709
10725.800000 -56194
10725.900000 -56006
10726.000000 -56432
10726.100000 -56338
10726.200000 -56479
10726.300000 -56479
10726.400000 -56526
10726.500000 -57229
10726.600000 -56479
10726.700000 -56760
10726.800000 -56291
10726.900000 -56573
10727.000000 -56058
10727.100000 -56433
10727.200000 -56480
10727.300000 -56808
10727.400000 -56292
10727.500000 -56667
10727.600000 -55964
10727.700000 -56761
10727.800000 -56339
10727.900000 -56574
10728.000000 -56578
10728.100000 -56625
10728.200000 -56390
10728.300000 -56250
10728.400000 -56203
10728.500000 -56437
10728.600000 -56390
10728.700000 -56484
10728.800000 -56015
10728.900000 -56250
10729.000000 -56300
10729.100000 -56675
10729.200000 -56863
10729.300000 -56113
10729.400000 -56535
10729.500000 -56207
10729.600000 -56347
10729.700000 -56675
10729.800000 -56582
10729.900000 -56207
10730.000000 -56349
10730.100000 -56396
10730.200000 -56631
10730.300000 -56162
10730.400000 -56443
10730.500000 -56490
10730.600000 -56490
10730.700000 -56209
10730.800000 -56247
10730.900000 -56575
10731.000000 -56157
10731.100000 -56204
10731.200000 -56251
10731.300000 -56204
10731.400000 -56626
10731.500000 -56204
10731.600000 -56391
10731.700000 -56485
10731.800000 -56251
10731.900000 -56204
10732.000000 -56020
10732.100000 -56442
10732.200000 -56255
10732.300000 -56349
10732.400000 -56395
10732.500000 -56067
10732.600000 -56161
10732.700000 -56489
10732.800000 -56020
10732.900000 -56442
10733.000000 -56256
10733.100000 -55975
10733.200000 -56537
10733.300000 -55787
10733.400000 -56209
10733.500000 -56443
10733.600000 -56396
10733.700000 -56350
10733.800000 -56303
10733.900000 -56209
10734.000000 -56307
10734.100000 -56588
10734.200000 -56025
10734.300000 -55932
10734.400000 -56400
10734.500000 -55744
10734.600000 -56072
10734.700000 -55885
10734.800000 -56400
10734.900000 -55932
10735.000000 -56217
10735.100000 -56498
10735.200000 -56404
10735.300000 -56404
10735.400000 -56451
10735.500000 -56123
10735.600000 -56170
10735.700000 -56358
10735.800000 -56592
10735.900000 -56404
10736.000000 -56266
10736.100000 -56360
10736.200000 -56313
10736.300000 -56360
10736.400000 -56500
10736.500000 -56360
10736.600000 -56266
10736.700000 -56406
10736.800000 -56266
10736.900000 -56219
10737.000000 -56364
10737.100000 -56504
10737.200000 -56082
10737.300000 -55942
10737.400000 -56035
10737.500000 -56129
10737.600000 -55989
10737.700000 -56457
10737.800000 -56176
10737.900000 -55942
10738.000000 -56038
10738.100000 -56320
10738.200000 -56554
10738.300000 -55992
10738.400000 -56320
10738.500000 -55710
10738.600000 -56554
10738.700000 -56132
10738.800000 -56695
10738.900000 -56226
10739.000000 -55900
10739.100000 -56603
10739.200000 -56228
10739.300000 -56415
10739.400000 -56462
10739.500000 -56275
10739.600000 -56462
10739.700000 -56275
10739.800000 -57072
10739.900000 -56228
10740.000000 -55623
10740.100000 -56044
10740.200000 -56794
10740.300000 -56513
10740.400000 -56232
10740.500000 -56326
10740.600000 -56607
10740.700000 -56513
10740.800000 -55810
10740.900000 -56560
10741.000000 -56048
10741.100000 -56095
10741.200000 -56236
10741.300000 -56611
10741.400000 -56283
10741.500000 -56377
10741.600000 -56658
10741.700000 -56423
10741.800000 -56142
10741.900000 -56517
10742.000000 -56519
10742.100000 -56191
10742.200000 -56191
10742.300000 -56191
10742.400000 -56566
10742.500000 -56425
10742.600000 -56519
10742.700000 -56425
10742.800000 -56191
10742.900000 -56285
10743.000000 -56475
10743.100000 -56710
10743.200000 -56147
10743.300000 -56382
10743.400000 -56428
10743.500000 -56053
10743.600000 -56241
10743.700000 -56428
10743.800000 -56710
10743.900000 -56475
10744.000000 -56292
10744.100000 -56526
10744.200000 -56292
10744.300000 -56151
10744.400000 -56714
10744.500000 -56667
10744.600000 -56526
10744.700000 -56432
10744.800000 -56386
10744.900000 -56620
10745.000000 -56106
10745.100000 -56716
10745.200000 -56434
10745.300000 -56622
10745.400000 -56528
10745.500000 -56388
10745.600000 -56341
10745.700000 -56481
10745.800000 -56200
10745.900000 -56294
10746.000000 -56249
10746.100000 -56249
10746.200000 -56249
10746.300000 -56249
10746.400000 -56249
10746.500000 -56204
10746.600000 -56438
10746.700000 -56345
10746.800000 -56157
10746.900000 -56907
10747.000000 -56629
10747.100000 -56676
10747.200000 -56629
10747.300000 -56441
10747.400000 -56395
10747.500000 -56395
10747.600000 -55738
10747.700000 -56441
10747.800000 -56301
10747.900000 -56348
10748.000000 -56631
10748.100000 -56397
10748.200000 -56584
10748.300000 -56397
10748.400000 -56490
10748.500000 -56397
10748.600000 -56631
10748.700000 -56443
10748.800000 -56209
10748.900000 -56818
10749.000000 -56447
10749.100000 -56447
10749.200000 -56213
10749.300000 -56588
10749.400000 -56213
10749.500000 -55744
10749.600000 -56447
10749.700000 -56541
10749.800000 -56354
10749.900000 -56307
10750.000000 -56638
10750.100000 -56357
10750.200000 -56122
10750.300000 -56685
10750.400000 -56169
10750.500000 -56263
10750.600000 -56497
10750.700000 -56685
10750.800000 -56497
10750.900000 -56638
10751.000000 -56312
10751.100000 -56171
10751.200000 -56546
10751.300000 -56640
10751.400000 -56359
10751.500000 -56640
10751.600000 -56171
10751.700000 -56452
10751.800000 -56359
10751.900000 -56124
10752.000000 -56222
10752.100000 -56316
10752.200000 -56363
10752.300000 -56316
10752.400000 -56550
10752.500000 -56035
10752.600000 -56269
10752.700000 -56785
10752.800000 -56456
10752.900000 -56503
10753.000000 -56367
10753.100000 -55945
10753.200000 -55992
10753.300000 -56601
10753.400000 -56648
10753.500000 -56507
10753.600000 -56179
10753.700000 -56414
10753.800000 -56507
10753.900000 -56789
10754.000000 -56602
10754.100000 -55993
10754.200000 -56086
10754.300000 -56368
10754.400000 -56274
10754.500000 -56649
10754.600000 -56133
10754.700000 -55993
10754.800000 -56555
10754.900000 -56086
10755.000000 -56325
10755.100000 -56137
10755.200000 -56512
10755.300000 -56231
10755.400000 -56090
10755.500000 -56090
10755.600000 -56184
10755.700000 -56372
10755.800000 -56606
10755.900000 -55997
10756.000000 -56329
10756.100000 -56423
10756.200000 -56423
10756.300000 -56235
10756.400000 -56094
10756.500000 -56329
10756.600000 -56657
10756.700000 -56423
10756.800000 -56891
10756.900000 -56423
10757.000000 -55955
10757.100000 -56189
10757.200000 -56611
10757.300000 -56189
10757.400000 -56470
10757.500000 -56095
10757.600000 -55908
10757.700000 -56424
10757.800000 -56330
10757.900000 -56377
10758.000000 -55584
10758.100000 -56709
10758.200000 -55912
10758.300000 -56240
10758.400000 -56334
10758.500000 -56334
10758.600000 -56240
10758.700000 -56568
10758.800000 -56006
10758.900000 -56053
10759.000000 -56150
10759.100000 -55963
10759.200000 -56432
10759.300000 -55963
10759.400000 -55869
10759.500000 -56666
10759.600000 -56103
10759.700000 -56338
10759.800000 -56244
10759.900000 -55916
10760.000000 -56245
10760.100000 -56433
10760.200000 -56386
10760.300000 -56386
10760.400000 -56058
10760.500000 -56011
10760.600000 -55964
10760.700000 -56151
10760.800000 -56292
10760.900000 -55823
10761.000000 -56343
10761.100000 -56296
10761.200000 -56765
10761.300000 -55780
10761.400000 -56390
10761.500000 -56624
10761.600000 -56376
10761.700000 -55954
10761.800000 -56188
10761.900000 -56469
10762.000000 -56333
10762.100000 -56286
10762.200000 -56333
10762.300000 -56520
10762.400000 -56005
10762.500000 -56333
10762.600000 -56098
10762.700000 -56286
10762.800000 -56473
10762.900000 -56473
10763.000000 -55912
10763.100000 -56662
10763.200000 -56334
10763.300000 -56521
10763.400000 -56287
10763.500000 -56474
10763.600000 -56146
10763.700000 -56287
10763.800000 -56474
10763.900000 -56099
10764.000000 -56385
10764.100000 -56291
10764.200000 -56010
10764.300000 -55635
10764.400000 -55822
10764.500000 -56291
10764.600000 -56197
10764.700000 -56432
10764.800000 -56197
10764.900000 -56103
10765.000000 -56295
10765.100000 -55639
10765.200000 -56529
10765.300000 -56295
10765.400000 -55967
10765.500000 -56482
10765.600000 -56717
10765.700000 -56201
10765.800000 -56014
10765.900000 -56201
10766.000000 -56577
10766.100000 -55921
10766.200000 -55733
10766.300000 -56155
10766.400000 -56390
10766.500000 -55780
10766.600000 -56155
10766.700000 -56108
10766.800000 -55874
10766.900000 -56437
10767.000000 -55925
10767.100000 -55925
10767.200000 -56206
10767.300000 -56206
10767.400000 -56159
10767.500000 -56206
10767.600000 -56441
10767.700000 -55925
10767.800000 -56300
10767.900000 -56300
10768.000000 -55882
10768.100000 -55835
10768.200000 -55507
10768.300000 -56116
10768.400000 -56257
10768.500000 -55835
10768.600000 -56257
10768.700000 -55976
10768.800000 -55648
10768.900000 -56163
10769.000000 -55930
10769.100000 -55696
10769.200000 -55836
10769.300000 -55977
10769.400000 -55508
10769.500000 -56258
10769.600000 -56258
10769.700000 -56305
10769.800000 -56352
10769.900000 -56305
10770.000000 -55746
10770.100000 -56075
10770.200000 -55840
10770.300000 -56075
10770.400000 -56168
10770.500000 -56075
10770.600000 -55700
10770.700000 -55465
10770.800000 -56168
10770.900000 -55934
10771.000000 -56078
10771.100000 -56406
10771.200000 -56265
10771.300000 -56078
10771.400000 -56171
10771.500000 -56453
10771.600000 -55749
10771.700000 -55703
10771.800000 -56312
10771.900000 -55937
10772.000000 -55845
10772.100000 -56220
10772.200000 -56080
10772.300000 -55658
10772.400000 -55845
10772.500000 -56080
10772.600000 -56267
10772.700000 -56220
10772.800000 -55705
10772.900000 -56080
10773.000000 -56318
10773.100000 -55990
10773.200000 -55943
10773.300000 -56084
10773.400000 -55802
10773.500000 -56037
10773.600000 -56177
10773.700000 -55709
10773.800000 -56084
10773.900000 -56318
10774.000000 -55946
10774.100000 -56274
10774.200000 -56274
10774.300000 -56180
10774.400000 -56227
10774.500000 -56415
10774.600000 -56368
10774.700000 -55618
10774.800000 -56462
10774.900000 -55618
10775.000000 -56135
10775.100000 -56089
10775.200000 -55667
10775.300000 -56089
10775.400000 -56042
10775.500000 -56229
10775.600000 -55901
10775.700000 -55995
10775.800000 -56323
10775.900000 -55573
10776.000000 -56279
10776.100000 -56232
10776.200000 -55763
10776.300000 -56045
10776.400000 -55951
10776.500000 -56138
10776.600000 -56092
10776.700000 -56232
10776.800000 -55882
10776.900000 -55882
10777.000000 -55882
10777.100000 -55882
10777.200000 -55882
10777.300000 -55533
10777.400000 -56002
10777.500000 -56236
10777.600000 -55955
10777.700000 -55580
10777.800000 -56471
10777.900000 -56424
10778.000000 -55910
10778.100000 -56379
10778.200000 -56004
10778.300000 -56379
10778.400000 -55629
10778.500000 -56098
10778.600000 -55769
10778.700000 -55957
10778.800000 -55816
10778.900000 -56144
10779.000000 -55913
10779.100000 -55913
10779.200000 -56382
10779.300000 -56147
10779.400000 -56147
10779.500000 -55632
10779.600000 -56007
10779.700000 -56054
10779.800000 -56288
10779.900000 -56194
10780.000000 -56058
10780.100000 -55964
10780.200000 -56245
10780.300000 -55823
10780.400000 -56011
10780.500000 -56198
10780.600000 -56292
10780.700000 -56339
10780.800000 -56151
10780.900000 -56433
10781.000000 -56012
10781.100000 -55918
10781.200000 -55918
10781.300000 -56106
10781.400000 -56199
10781.500000 -55871
10781.600000 -55777
10781.700000 -56059
10781.800000 -56434
10781.900000 -56246
10782.000000 -56297
10782.100000 -55922
10782.200000 -56297
10782.300000 -55828
10782.400000 -56531
10782.500000 -56250
10782.600000 -55828
10782.700000 -56250
10782.800000 -56766
10782.900000 -55828
10783.000000 -55925
10783.100000 -56394
10783.200000 -56113
10783.300000 -56394
10783.400000 -55972
10783.500000 -55972
10783.600000 -55831
10783.700000 -56206
10783.800000 -56441
10783.900000 -56441
10784.000000 -56536
10784.100000 -56349
10784.200000 -56302
10784.300000 -56583
10784.400000 -56161
10784.500000 -56255
10784.600000 -56536
10784.700000 -56349
10784.800000 -56068
10784.900000 -56302
10785.000000 -56305
10785.100000 -56633
10785.200000 -55602
10785.300000 -56071
10785.400000 -56305
10785.500000 -56118
10785.600000 -56352
10785.700000 -56352
10785.800000 -55977
10785.900000 -55977
10786.000000 -56075
10786.100000 -56450
10786.200000 -56122
10786.300000 -56309
10786.400000 -56168
10786.500000 -56075
10786.600000 -56637
10786.700000 -56637
10786.800000 -56215
10786.900000 -56309
10787.000000 -55982
10787.100000 -55841
10787.200000 -56357
10787.300000 -56498
10787.400000 -56451
10787.500000 -55982
10787.600000 -56169
10787.700000 -55935
10787.800000 -56029
10787.900000 -56076
10788.000000 -55892
10788.100000 -55845
10788.200000 -56033
10788.300000 -56080
10788.400000 -56689
10788.500000 -56408
10788.600000 -56361
10788.700000 -56173
10788.800000 -55986
10788.900000 -55986
10789.000000 -56176
10789.100000 -56364
10789.200000 -56458
10789.300000 -56083
10789.400000 -56176
10789.500000 -56270
10789.600000 -56270
10789.700000 -55801
10789.800000 -56036
10789.900000 -56411
10790.000000 -56507
10790.100000 -56038
10790.200000 -56507
10790.300000 -56413
10790.400000 -56085
10790.500000 -56272
10790.600000 -56413
10790.700000 -56366
10790.800000 -56694
10790.900000 -56132
10791.000000 -56369
10791.100000 -56228
10791.200000 -56135
10791.300000 -56416
10791.400000 -56181
10791.500000 -56181
10791.600000 -56088
10791.700000 -56510
10791.800000 -56650
10791.900000 -56041
10792.000000 -56373
10792.100000 -55998
10792.200000 -56185
10792.300000 -56139
10792.400000 -56457
10792.500000 -56035
10792.600000 -56364
10792.700000 -55989
10792.800000 -56410
10792.900000 -56129
10793.000000 -56177
10793.100000 -56083
10793.200000 -55943
10793.300000 -56130
10793.400000 -55990
10793.500000 -56271
10793.600000 -56130
10793.700000 -56083
10793.800000 -56365
10793.900000 -56130
10794.000000 -56322
10794.100000 -56134
10794.200000 -55900
10794.300000 -55900
10794.400000 -56181
10794.500000 -55994
10794.600000 -55947
10794.700000 -56181
10794.800000 -56087
10794.900000 -55900
10795.000000 -56278
10795.100000 -56418
10795.200000 -56090
10795.300000 -55950
10795.400000 -56090
10795.500000 -55762
10795.600000 -56559
10795.700000 -56465
10795.800000 -56372
10795.900000 -56090
10796.000000 -55999
10796.100000 -56186
10796.200000 -56092
10796.300000 -56186
10796.400000 -56561
10796.500000 -56092
10796.600000 -56092
10796.700000 -56280
10796.800000 -56045
10796.900000 -56280
10797.000000 -56048
10797.100000 -55908
10797.200000 -55955
10797.300000 -56048
10797.400000 -56330
10797.500000 -56283
10797.600000 -56517
10797.700000 -55955
10797.800000 -56095
10797.900000 -56189
10798.000000 -56006
10798.100000 -56381
10798.200000 -56052
10798.300000 -56099
10798.400000 -56334
10798.500000 -56287
10798.600000 -56381
10798.700000 -56193
10798.800000 -56427
10798.900000 -56287
10799.000000 -56147
10799.100000 -56100
10799.200000 -56007
10799.300000 -56147
10799.400000 -56569
10799.500000 -56241
10799.600000 -56475
10799.700000 -55960
10799.800000 -55866
10799.900000 -56428
